1
2
5
6
33
93
122
295
304
620
656
685
890
960
968
1078
1381
1627
1772
1852
1885
1953
2052
2054
2122
2165
2493
2623
2657
2666
2696
2865
2932
2956
3066
3077
3087
3103
3431
3478
3526
3590
3685
3698
3750
3758
3759
3760
3761
3762
3763
3764
3836
3876
4214
4264
4271
4406
4588
4630
4633
4659
4671
4687
4796
4934
4980
4981
5129
5139
5161
5297
5349
5351
5355
5357
5359
5360
5368
5471
5526
5527
5659
5797
5890
5907
6138
6149
6185
6288
6310
6319
6327
6440
6644
6689
6690
6693
6853
6867
6868
6870
6872
6969
7069
7195
7354
7437
7604
7624
7668
7669
7670
7672
7673
7675
7682
7733
7745
7763
7869
8127
8650
8732
8909
8921
9375
9423
9592
9717
9784
9822
9912
9915
9957
10115
10155
10210
10365
10614
10629
10799
10920
10975
11306
11371
11378
11389
11566
11570
11573
11588
11590
11607
11713
11734
12194
12296
12467
12497
12658
12659
12787
12948
12995
13037
13074
13145
13148
14334
14817
14935
15159
15670
15781
15881
15926
16299
16305
16322
16363
16372
16707
16735
16793
17150
17162
17184
17214
17245
17690
17902
18254
18405
18455
19000
19003
19494
21671
21686
21704
21727
21787
21796
22034
22911
23807
23814
24178
24192
24280
24583
24780
24830
25354
25807
27523
27712
28186
28187
28282
28417
28676
28877
28921
29127
29641
29776
29925
29999
30324
30597
30933
30935
31178
31196
31231
31242
31250
31463
31491
31548
32071
32261
32418
32499
32504
32542
32650
32669
32682
32827
32831
288
218
888
3462
3690
3692
3798
6058
7160
10350
11899
11926
16956
16958
18610
19357
21767
23021
23022
27055
28369
29421
29543
29966
31233
31326
32417
32875
33547
33549
33553
33555
33570
33926
33954
34993
37034
37435
37470
38296
38447
38980
39536
39987
39988
40190
40238
40395
40425
40496
41681
41706
41716
41865
41913
42172
42694
42695
42697
42933
42956
43035
43049
43448
43559
43615
43641
43678
43758
43763
43799
43945
44762
44796
45195
45338
45794
46170
46212
46227
46437
46460
47401
47763
48162
48328
48467
48862
49041
49540
49715
49848
50746
50798
50976
51497
52350
52357
52635
53639
53673
53835
54814
54822
54825
54847
55749
56034
56187
56616
56649
56674
56759
56776
56961
56964
57658
57727
57736
57891
58174
58177
58314
58696
59296
60294
60792
61008
61666
61672
61992
62446
63445
63458
63461
65030
67270
68930
70241
70700
70947
71458
72193
72659
72707
73133
73654
73716
73968
74049
74777
74779
76527
76620
77152
77270
77390
77662
80950
80977
80978
81648
82472
83087
83090
83411
83412
83674
84557
85208
85211
85216
85443
85448
86147
86658
89717
90160
90886
92364
92508
92967
93517
93537
95558
99107
99329
99664
99755
99894
100915
100998
101000
101205
101299
103159
103171
104047
104711
105786
106192
106916
107301
109961
111775
112525
113110
113436
113441
114936
115476
116114
116297
116331
118963
118991
119004
119073
119264
119502
120765
121176
121179
121193
121198
121208
121216
121218
121226
121227
121264
121271
121292
121304
121308
121313
121315
121330
121356
121622
122211
123170
124272
124918
124922
126232
126609
127515
130440
130513
130520
130580
131359
131793
132779
133008
133394
133399
133430
133488
133937
135064
135836
136116
136167
136251
137791
138959
146943
147326
147780
148337
148841
149150
149151
149267
149405
149606
149607
149608
149621
150555
151351
152052
152380
152408
153492
153530
153747
156077
156427
156834
158622
159346
159929
160010
160251
161503
161846
162332
162898
164542
164955
165662
165889
165902
166912
167046
167069
168655
168668
169751
170448
170651
171624
173984
174216
175675
176811
177193
177194
179780
180936
183586
184803
186190
187060
187812
187899
189147
191581
201548
201737
202033
202292
203073
209525
210825
211044
212977
215950
217224
217518
218385
219362
219919
220362
220452
220968
222046
222910
223691
224994
225297
225314
225774
226448
226475
226720
227443
228204
228296
228333
229432
231804
231821
232094
233667
236093
236888
239437
239525
239919
240910
242514
243257
243381
243924
245715
247060
248596
248760
250041
251762
256566
256683
257845
258079
258292
258529
258945
259020
259836
267071
267418
268302
269518
270521
272895
273524
277423
280513
280727
284244
285092
288946
288951
288958
288962
288967
288968
288973
292455
293101
295961
296298
298663
299596
300226
303428
306842
307791
308581
313929
314245
314362
315272
315683
315736
316845
319237
320730
321552
322007
323170
323171
324987
325085
325128
327255
329957
331319
332613
333103
333538
333766
341272
344028
348573
349432
352582
354259
355944
356248
359375
365425
366260
368772
368819
369265
370769
373353
373687
375007
376514
376630
377425
378579
380203
380258
380364
381818
382455
386162
387348
387749
387937
391443
391987
394162
395277
396329
397539
398197
398753
399430
400011
401921
402737
403277
407235
411761
411855
414895
415419
416482
418233
420180
420282
420849
420966
423125
425029
425151
426825
428042
428263
429024
430148
437201
437856
438072
438078
439283
442258
442348
444304
447175
450110
450934
452235
452306
455373
455696
455764
456903
457641
458191
460717
462451
465772
467032
469571
473850
480204
481428
481462
482111
482121
482842
483583
484110
484111
484531
486494
487445
487825
492074
502889
509763
511614
512206
512215
512704
521118
523518
523562
525818
525995
526869
527744
529343
530965
532369
533415
533779
535434
536478
538870
539519
540020
541845
542284
543300
543339
544744
545936
548158
550844
553118
566993
573373
577363
577666
578644
578940
581811
588242
588747
590550
592191
592657
593362
593534
594430
596246
596576
596675
596869
597251
598330
601531
601679
601799
603834
604154
607639
611255
613897
617480
618399
619930
624644
624988
625094
626775
629931
633198
633401
634757
644949
647121
648640
651192
651964
652855
663661
665863
667868
670572
672875
673003
674113
674581
676737
677877
681986
682681
682804
685970
693359
699712
702539
710892
710893
714887
716780
718476
720234
722356
723429
723668
726268
759264
762598
762645
762806
764746
764749
765430
769000
769658
769729
778667
780581
781410
782171
787184
788515
790338
792161
798769
815854
816870
817019
819487
821984
822461
825338
829913
830502
835203
838729
842401
843588
843989
844793
845175
845443
853510
853544
864708
865673
866188
869314
871284
873342
874885
876847
882028
882053
882295
882953
889284
892835
893731
895163
895185
895479
895886
897867
903730
906610
908745
921223
922786
926216
926908
929782
938625
941136
941869
943402
943579
947100
948618
956321
956323
961606
967511
967922
969177
973214
973352
974742
984021
984966
990078
990079
990086
990860
992611
994663
996660
997335
999074
1000751
1002728
1005680
1013325
1024750
1025049
1030934
1038590
1038619
1041041
1041367
1045811
1047422
1057293
1058572
1066979
1071760
1075761
1076258
1078311
1088704
1094533
1096572
1097967
1102337
1104029
1104561
1104713
1112018
1123529
1123562
1123578
1123579
1123599
1123610
1127856
1129657
1132010
1141654
1142897
1147020
1157597
1157599
1158288
1162543
1171639
1175398
1177260
1192995
1195796
1201301
1208644
1208928
1209237
1209527
1214270
1215441
1219954
1220489
1227993
1230853
1231096
1233221
1247535
1263937
1265050
1267126
1270088
1270997
1271013
1271025
1278230
1279532
1280465
1284085
1293729
1294495
1301173
1312602
1322196
1322303
1331653
1342657
1358044
1360750
1367658
1368516
1412441
1415777
1425024
1432516
1446530
1448585
1452954
1452982
1456450
1458918
1471786
1492337
1513070
1519964
1524706
1525148
1534509
1546871
1558286
1565613
1570937
1627737
1633436
1646954
1650307
1656001
1659362
1659910
1662468
1670792
1676751
1696081
1702042
1707791
1734562
1735608
1739740
1754278
1765286
1765697
1770187
1784015
1793758
1794402
1797953
1808306
1810609
1835865
1868821
1889285
1891397
1900072
1915477
1925934
1931674
1934232
1956391
1973573
2014968
2034316
2052777
2097611
2117763
2117764
2125128
2129551
2141948
2152945
2170331
2183315
2213652
2213955
2224600
2240204
2247142
2263255
2271686
2297934
2300939
2309658
2335676
2342925
2373336
2381867
2398517
2399928
2429135
2442787
2448683
2455496
2480987
2510416
2517564
2548244
2573025
2579284
2580274
2584764
2586211
2591577
2599553
2688407
2696061
2702246
2719663
2735090
2767052
2782200
2811146
2842015
2857588
2858749
2861111
2872246
2886652
2906641
2911138
2918296
2920068
2958538
2963410
2990751
3032644
3063499
3069484
3118190
3146785
3167863
3181151
3199179
3214291
3222979
3224667
3250464
3263607
3269371
3287661
3306421
3314204
3392668
3407716
3428364
3505422
3569477
3616282
3668162
3680174
3722073
3722309
3742955
3786122
3845356
3865815
3971094
4321163
4323769
4420762
4504070
4504828
4537046
4545982
4550891
4667024
4743823
4795742
4801024
4835532
4913175
5013783
5060378
5090741
5117245
5143980
5162332
5174344
5196995
5586055
5713875
5848252
6001769
6044393
6046868
6059070
6148028
6255949
6286408
6304335
6306854
6356906
6362127
6376171
6386195
6399687
6400090
6411961
6433602
6434430
6441667
6448647
6453629
6468420
6497871
6545849
6560520
6561703
6600698
6640832
6768498
6777970
6797421
6916657
6934136
6976271
7085479
7140096
7147962
7171856
7199539
7260188
7319919
7335334
7425169
7542842
7550787
7747374
7912859
7933693
8287823
8406833
8472043
8571481
8572452
8598922
8680257
8698603
8715837
8757076
9151669
9308047
9505553
9595633
9663940
9881733
9969571
10051695
10073506
10315853
10434646
10546105
10594902
10728152
10831203
11302021
11306870
11338987
11467866
11555859
11932829
12092178
12232938
12364191
12567926
12700353
13079982
13137809
13186464
13287266
13311191
13330372
13437307
13501739
13504675
13516272
13626799
13634798
13644920
15121528
15329454
15767159
15806219
15811641
15818477
15823480
15954404
16082997
16158713
16245510
17236709
17284576
17293795
17899948
17934530
18114322
18133917
18282513
18351860
18594462
18619684
18689642
18716480
18780375
18800640
18800943
18979487
19044403
19161894
19161905
19161914
19215832
19860524
20178265
20490405
20758123
20873683
21567327
22402749
22557520
22640020
22750385
22986598
23000146
23300987
23439937
24861877
24939416
25239218
25309336
25429283
25530664
25605682
25622296
25622780
25729454
26025943
26048682
26861148
27273120
28165682
28699450
30981695
32311814
32674336
32964082
33124137
33648131
34145273
34593190
34677893
34743264
35031085
35385796
35545737
35702570
36073852
36236124
36336078
36402034
36423420
36616288
38374795
38926465
39092290
40213349
40604658
40611463
40612032
40940121
40940649
41817486
42086639
43476378
43837462
44767458
45437942
48512660
52304342
52892857
53362517
54683216
55782056
57314719